2.9 5.45307e+06
3.1 5.35773e+06
3.3 4.53787e+06
3.5 4.7476e+06
3.7 3.67987e+06
3.9 3.56547e+06
4.1 3.8896e+06
4.3 3.35573e+06
4.5 2.86e+06
4.7 3.9468e+06
4.9 4.15653e+06
5.1 3.92773e+06
5.3 5.10987e+06
5.5 6.38733e+06
5.7 8.78973e+06
5.9 1.04676e+07
6.1 1.22217e+07
6.3 1.4586e+07
6.5 1.84184e+07
6.7 1.90857e+07
6.9 1.98103e+07
7.1 3.3176e+06
7.3 1.90667e+06
7.5 2.76467e+06
7.7 2.55493e+06
7.9 9.6668e+06
8.1 1.10396e+07
8.3 1.33276e+07
8.5 1.33276e+07
8.7 1.44144e+07
8.9 7.8364e+06
9.1 6.4064e+06
9.3 5.7772e+06
9.5 6.006e+06
9.7 5.9488e+06
9.9 5.0336e+06
10.1 4.3472e+06
10.3 3.146e+06
10.5 3.7752e+06
10.7 4.29e+06
10.9 3.718e+06
11.1 4.6332e+06
11.3 3.2032e+06
11.5 3.6608e+06
11.7 5.8916e+06
11.9 4.004e+06
