2.9 1.76375e+07
3.1 1.41792e+07
3.3 1.53896e+07
3.5 1.37469e+07
3.7 1.16719e+07
3.9 1.1499e+07
4.1 1.21906e+07
4.3 1.07208e+07
4.5 8.73229e+06
4.7 9.94271e+06
4.9 8.12708e+06
5.1 7.78125e+06
5.3 8.81875e+06
5.5 7.86771e+06
5.7 8.55938e+06
5.9 5.27396e+06
6.1 6.57083e+06
6.3 7.34896e+06
6.5 5.96562e+06
6.7 6.83021e+06
6.9 4.75521e+06
7.1 5.10104e+06
7.3 4.75521e+06
7.5 5.70625e+06
7.7 6.31146e+06
7.9 1.94531e+07
8.1 2.77531e+07
8.3 3.78687e+07
8.5 6.27687e+07
8.7 7.18469e+07
8.9 1.13087e+08
9.1 1.99719e+07
9.3 1.14125e+07
9.5 1.32281e+07
9.7 1.42656e+07
9.9 1.68594e+07
10.1 2.61969e+07
10.3 1.78969e+07
10.5 1.47844e+07
10.7 1.73781e+07
10.9 1.29688e+07
11.1 1.29688e+07
11.3 8.81875e+06
11.5 8.81875e+06
11.7 1.50438e+07
11.9 1.14125e+07
