2.9 6.95933e+06
3.1 6.02507e+06
3.3 5.148e+06
3.5 4.90013e+06
3.7 4.55693e+06
3.9 4.02307e+06
4.1 4.576e+06
4.3 4.13747e+06
4.5 3.47013e+06
4.7 3.98493e+06
4.9 3.432e+06
5.1 3.29853e+06
5.3 3.50827e+06
5.5 3.01253e+06
5.7 3.146e+06
5.9 2.82187e+06
6.1 2.44053e+06
6.3 2.9744e+06
6.5 2.32613e+06
6.7 2.4596e+06
6.9 2.07827e+06
7.1 2.4024e+06
7.3 2.3452e+06
7.5 3.06973e+06
7.7 4.1184e+06
7.9 1.12684e+07
8.1 1.53296e+07
8.3 1.87044e+07
8.5 2.3738e+07
8.7 2.53968e+07
8.9 2.717e+07
9.1 6.9784e+06
9.3 5.72e+06
9.5 6.3492e+06
9.7 7.2644e+06
9.9 6.9784e+06
10.1 9.152e+06
10.3 6.6352e+06
10.5 5.2624e+06
10.7 6.5208e+06
10.9 5.2624e+06
11.1 4.4044e+06
11.3 4.4044e+06
11.5 4.5188e+06
11.7 7.4932e+06
11.9 4.9192e+06
