2.9 7.13093e+06
3.1 6.25387e+06
3.3 5.434e+06
3.5 5.41493e+06
3.7 5.24333e+06
3.9 4.95733e+06
4.1 4.3472e+06
4.3 4.32813e+06
4.5 3.73707e+06
4.7 4.08027e+06
4.9 3.79427e+06
5.1 3.62267e+06
5.3 3.22227e+06
5.5 3.4892e+06
5.7 3.06973e+06
5.9 2.76467e+06
6.1 2.61213e+06
6.3 2.99347e+06
6.5 2.47867e+06
6.7 2.6312e+06
6.9 2.32613e+06
7.1 2.4024e+06
7.3 2.32613e+06
7.5 2.0592e+06
7.7 2.38333e+06
7.9 6.1204e+06
8.1 5.7772e+06
8.3 6.4636e+06
8.5 5.9488e+06
8.7 5.7772e+06
8.9 8.294e+06
9.1 9.2092e+06
9.3 1.13828e+07
9.5 1.33848e+07
9.7 1.5158e+07
9.9 1.78464e+07
10.1 4.7476e+06
10.3 4.5188e+06
10.5 5.4912e+06
10.7 7.6648e+06
10.9 6.578e+06
11.1 5.6628e+06
11.3 4.4616e+06
11.5 5.8916e+06
11.7 6.864e+06
11.9 5.2052e+06
