2.9 3.8896e+06
3.1 3.12693e+06
3.3 3.39387e+06
3.5 3.0316e+06
3.7 2.574e+06
3.9 2.53587e+06
4.1 2.6884e+06
4.3 2.36427e+06
4.5 1.92573e+06
4.7 2.19267e+06
4.9 1.79227e+06
5.1 1.716e+06
5.3 1.9448e+06
5.5 1.73507e+06
5.7 1.8876e+06
5.9 1.16307e+06
6.1 1.44907e+06
6.3 1.62067e+06
6.5 1.3156e+06
6.7 1.50627e+06
6.9 1.04867e+06
7.1 1.12493e+06
7.3 1.04867e+06
7.5 1.2584e+06
7.7 1.39187e+06
7.9 4.29e+06
8.1 6.1204e+06
8.3 8.3512e+06
8.5 1.38424e+07
8.7 1.58444e+07
8.9 2.49392e+07
9.1 4.4044e+06
9.3 2.5168e+06
9.5 2.9172e+06
9.7 3.146e+06
9.9 3.718e+06
10.1 5.7772e+06
10.3 3.9468e+06
10.5 3.2604e+06
10.7 3.8324e+06
10.9 2.86e+06
11.1 2.86e+06
11.3 1.9448e+06
11.5 1.9448e+06
11.7 3.3176e+06
11.9 2.5168e+06
