2.9 6.9212e+06
3.1 6.08227e+06
3.3 5.24333e+06
3.5 4.82387e+06
3.7 4.72853e+06
3.9 4.02307e+06
4.1 4.65227e+06
4.3 4.19467e+06
4.5 3.52733e+06
4.7 4.09933e+06
4.9 3.50827e+06
5.1 3.3748e+06
5.3 3.52733e+06
5.5 3.0888e+06
5.7 3.12693e+06
5.9 2.8028e+06
6.1 2.53587e+06
6.3 2.87907e+06
6.5 2.44053e+06
6.7 2.5168e+06
6.9 2.1164e+06
7.1 2.4024e+06
7.3 2.4596e+06
7.5 3.05067e+06
7.7 4.09933e+06
7.9 1.1154e+07
8.1 1.5444e+07
8.3 1.86472e+07
8.5 2.38524e+07
8.7 2.5454e+07
8.9 2.73416e+07
9.1 7.4932e+06
9.3 5.8916e+06
9.5 6.3492e+06
9.7 7.3788e+06
9.9 7.2072e+06
10.1 9.5524e+06
10.3 6.864e+06
10.5 5.3196e+06
10.7 6.6924e+06
10.9 5.6056e+06
11.1 4.3472e+06
11.3 4.1756e+06
11.5 4.8048e+06
11.7 7.436e+06
11.9 5.0336e+06
