2.9 5.92973e+06
3.1 5.6056e+06
3.3 4.8048e+06
3.5 4.65227e+06
3.7 4.55693e+06
3.9 3.9468e+06
4.1 4.21373e+06
4.3 4.1184e+06
4.5 3.18413e+06
4.7 3.90867e+06
4.9 3.24133e+06
5.1 3.0316e+06
5.3 2.70747e+06
5.5 2.87907e+06
5.7 2.8028e+06
5.9 3.12693e+06
6.1 3.432e+06
6.3 3.96587e+06
6.5 4.862e+06
6.7 5.79627e+06
6.9 6.15853e+06
7.1 8.27493e+06
7.3 9.8956e+06
7.5 1.22027e+07
7.7 1.287e+07
7.9 4.39868e+07
8.1 7.8364e+06
8.3 7.3788e+06
8.5 5.8344e+06
8.7 7.722e+06
8.9 7.8936e+06
9.1 9.8384e+06
9.3 1.07536e+07
9.5 1.21264e+07
9.7 6.006e+06
9.9 6.4064e+06
10.1 5.3768e+06
10.3 4.862e+06
10.5 4.9764e+06
10.7 5.0336e+06
10.9 4.004e+06
11.1 4.5188e+06
11.3 4.004e+06
11.5 4.4616e+06
11.7 7.15e+06
11.9 4.3472e+06
