2.9 1.6844e+10
3.1 1.35412e+10
3.3 1.46972e+10
3.5 1.31284e+10
3.7 1.11467e+10
3.9 1.09816e+10
4.1 1.16421e+10
4.3 1.02385e+10
4.5 8.33941e+09
4.7 9.49537e+09
4.9 7.76143e+09
5.1 7.43116e+09
5.3 8.42198e+09
5.5 7.51372e+09
5.7 8.17427e+09
5.9 5.03667e+09
6.1 6.2752e+09
6.3 7.01831e+09
6.5 5.69722e+09
6.7 6.5229e+09
6.9 4.54126e+09
7.1 4.87154e+09
7.3 4.54126e+09
7.5 5.44951e+09
7.7 6.02749e+09
7.9 1.85779e+10
8.1 2.65045e+10
8.3 3.6165e+10
8.5 5.99447e+10
8.7 6.86143e+10
8.9 1.07999e+11
9.1 1.90733e+10
9.3 1.0899e+10
9.5 1.2633e+10
9.7 1.36238e+10
9.9 1.61008e+10
10.1 2.50182e+10
10.3 1.70917e+10
10.5 1.41192e+10
10.7 1.65962e+10
10.9 1.23853e+10
11.1 1.23853e+10
11.3 8.42198e+09
11.5 8.42198e+09
11.7 1.43669e+10
11.9 1.0899e+10
