2.9 7.48e+06
3.1 6.01333e+06
3.3 6.52667e+06
3.5 5.83e+06
3.7 4.95e+06
3.9 4.87667e+06
4.1 5.17e+06
4.3 4.54667e+06
4.5 3.70333e+06
4.7 4.21667e+06
4.9 3.44667e+06
5.1 3.3e+06
5.3 3.74e+06
5.5 3.33667e+06
5.7 3.63e+06
5.9 2.23667e+06
6.1 2.78667e+06
6.3 3.11667e+06
6.5 2.53e+06
6.7 2.89667e+06
6.9 2.01667e+06
7.1 2.16333e+06
7.3 2.01667e+06
7.5 2.42e+06
7.7 2.67667e+06
7.9 8.25e+06
8.1 1.177e+07
8.3 1.606e+07
8.5 2.662e+07
8.7 3.047e+07
8.9 4.796e+07
9.1 8.47e+06
9.3 4.84e+06
9.5 5.61e+06
9.7 6.05e+06
9.9 7.15e+06
10.1 1.111e+07
10.3 7.59e+06
10.5 6.27e+06
10.7 7.37e+06
10.9 5.5e+06
11.1 5.5e+06
11.3 3.74e+06
11.5 3.74e+06
11.7 6.38e+06
11.9 4.84e+06
