2.9 7.2644e+06
3.1 6.44453e+06
3.3 5.6056e+06
3.5 5.70093e+06
3.7 5.39587e+06
3.9 4.84293e+06
4.1 4.3472e+06
4.3 4.6904e+06
4.5 4.08027e+06
4.7 4.2328e+06
4.9 4.25187e+06
5.1 3.81333e+06
5.3 3.718e+06
5.5 3.0888e+06
5.7 3.22227e+06
5.9 3.22227e+06
6.1 2.99347e+06
6.3 3.0316e+06
6.5 2.76467e+06
6.7 2.89813e+06
6.9 2.288e+06
7.1 2.30707e+06
7.3 2.36427e+06
7.5 2.0592e+06
7.7 2.288e+06
7.9 6.6352e+06
8.1 6.9784e+06
8.3 5.8916e+06
8.5 6.3492e+06
8.7 5.4912e+06
8.9 6.4636e+06
9.1 5.8916e+06
9.3 5.6628e+06
9.5 5.434e+06
9.7 6.006e+06
9.9 5.3768e+06
10.1 3.8896e+06
10.3 4.004e+06
10.5 5.8344e+06
10.7 5.7772e+06
10.9 6.8068e+06
11.1 8.294e+06
11.3 5.434e+06
11.5 5.0908e+06
11.7 6.6924e+06
11.9 5.6628e+06
