3.12 27797
3.28 30508
3.44 21443
3.6 24172
3.76 23066
3.92 10618
4.08 20669
4.24 16762
4.4 10044
4.56 15303
4.72 16614
4.88 7975
5.04 12569
5.2 11103
5.36 9498
5.52 12020
5.68 11272
5.84 5722
6 9808
6.16 8951
6.32 5349
6.48 9419
6.64 8322
6.8 5891
6.96 6776
7.12 10377
7.28 6606
7.44 11358
7.6 11064
7.76 6683
7.92 23815
8.08 26604
8.24 42566
8.4 52359
8.56 68449
8.72 100259
8.88 103605
9.04 45709
9.2 14545
9.36 14865
9.52 15575
9.68 14026
9.84 22184
10 21315
10.16 25990
10.32 27872
10.48 17130
10.64 15939
10.8 18550
10.96 10046
11.12 12997
11.28 11590
11.44 10240
11.6 17981
11.76 11254
